0.0 50.0 0.5 piecewise [100] [2.0] False 4fold [10.5, 10.5] True IntegratedE [2.0, 0.0, 21.0, 0.0, 21.0, 0.0, 9.0, 0.95, 50.0] [ 0  0  0 ... 21 21  9] [0. 0. 0. ... 0. 0. 0.] 22 22 10 4840 [0, 0, 1] 1.0 [1, 0, 0] 542 [(1.01+0j), (5.96282+3.80423e-07j)] 1.004987562112089 50 50 22 22 FCD 15.0 [0.09994446 0.19955619 0.29850424 ... 1.57080605 1.57080623 1.57080632] [-1.72786839e+00 -1.04220511e+00 -6.49172296e-01 ...  2.33588930e-06
  1.35349949e-06  3.57587916e-07] 0.1 False
0 14520
collected 3 items                                                                                                                                                                                                                           

test_DDAModel.py Took 0.095 seconds to solve the E field.
Objective Value is: 11.005338768207627
.[0.32346758 0.32024035 0.26774364 0.25742638 0.2064264  0.2126148
 0.17517179 0.16673764 0.1339085  0.11160053 0.10390508 0.35663796
 0.3279519  0.30237726 0.24181559 0.1619251  0.20839627 0.22316951
 0.14447878 0.11508604 0.10788421 0.08592928 0.22868739 0.21177613
 0.18331743 0.13513347 0.07623322 0.31713296 0.17052456 0.16440348
 0.11315372 0.06887236 0.06837896 0.17291446 0.16569316 0.15042425
 0.13381571 0.14080227 0.09281196 0.34974515 0.10582176 0.0625507
 0.05707673 0.0338068  0.09517125 0.09303655 0.09894141 0.08968996
 0.10138556 0.12511842 0.08548451 0.02142582 0.07293901 0.04187664
 0.01174585 0.03548175 0.03947989 0.05146651 0.06507904 0.07212931
 0.06818577 0.06663285 0.05169857 0.16902688 0.04441615 0.01539537
 0.02959126 0.03538462 0.04577752 0.05372527 0.06347607 0.06136467
 0.05428859 0.04697865 0.01582321 0.11746753 0.1376115  0.09020607
 0.09182929 0.09407679 0.09541403 0.09068816 0.07937992 0.0605153
 0.03895636 0.01915811 0.01001022 0.39734415 0.19632892 0.19579603
 0.18561296 0.16890753 0.14860752 0.11818282 0.0887793  0.05736549
 0.03391557 0.01663175 0.61494235 0.31367546 0.29727244 0.28280381
 0.2512355  0.21237247 0.16848416 0.12275175 0.07643797 0.0444377
 0.02233197 0.83852052 0.38256601 0.37188023 0.34209648 0.3032841
 0.25521414 0.19871001 0.14407531 0.09300986 0.05266421 0.02141321
 0.97444614]
.
test_DDAModelWrapper.py MODEL CONSTRUCTOR ARGS
0.0 50.0 0.5 piecewise [100] [2.0] False 4fold [10.5, 10.5] True IntegratedE [2, 0.0, 21.0, 0.0, 21.0, 0.0, 9.0, -1.0, -1.0] [ 0  0  0 ... 21 21  9] [0. 0. 0. ... 0. 0. 0.] 22 22 10 4840 [0, 0, 1] 1.0 [1, 0, 0] 542 [(1.01+0j), (5.96282+3.80423e-07j)] 1.004987562112089 50 50 22 22 FCD 15.0 [0.09994446 0.19955619 0.29850424 ... 1.57080605 1.57080623 1.57080632] [-1.72786839e+00 -1.04220511e+00 -6.49172296e-01 ...  2.33588930e-06
  1.35349949e-06  3.57587916e-07] 0.1 False
14520 14520

geometry and initial values are diffd to be the exact same (verified)