11.0053 
12.1034 
11.7307 
11.4641 
11.5242 
11.7213 
12.082 
12.5221 
12.4607 
12.2717 
12.1763 
12.1657 
12.2274 
12.3624 
12.5184 
12.5899 
12.5696 
12.554 
12.5798 
12.6279 
12.6756 
12.6969 
12.7098 
12.7334 
12.7759 
12.8484 
12.9671 
13.168 
13.5454 
14.172 
13.8772 
13.7761 
14.1077 
13.0781 
12.8444 
12.9706 
13.5279 
14.1717 
14.3446 
14.2239 
14.24 
14.2455 
14.341 
14.4491 
14.1943 
14.3677 
14.5267 
13.5304 
14.6714 
14.2026 
14.1599 
14.0399 
14.7847 
13.0933 
13.9852 
13.6818 
13.4854 
14.2541 
12.5224 
12.0742 
11.896 
11.9459 
12.1724 
12.4821 
12.6018 
12.4352 
12.2993 
12.4259 
12.6276 
12.5901 
12.4817 
12.5018 
12.6082 
12.6863 
12.6928 
12.6826 
12.7013 
12.7408 
12.7791 
12.8187 
12.8601 
12.9134 
13.006 
13.1943 
13.6591 
14.2809 
13.7501 
