11.0053 
12.1033 
11.7305 
11.4638 
11.5239 
11.7211 
12.0819 
12.522 
12.4607 
12.2716 
12.1763 
12.1657 
12.2274 
12.3623 
12.5183 
12.5899 
12.5696 
12.5539 
12.5798 
12.6278 
12.6756 
12.6969 
12.7097 
12.7333 
12.7759 
12.8484 
12.9671 
13.168 
13.5454 
14.172 
13.8772 
13.7761 
14.1077 
13.0781 
12.8443 
12.9706 
13.5279 
14.1717 
14.3446 
14.2239 
14.24 
14.2455 
14.341 
14.4491 
14.1943 
14.3677 
14.5267 
13.5304 
14.6714 
14.2026 
14.1599 
14.0399 
14.7847 
13.0932 
13.9852 
13.6818 
13.4854 
14.2541 
12.5224 
12.0741 
11.8959 
11.9457 
12.1723 
12.482 
12.6017 
12.4351 
12.2992 
12.4258 
12.6275 
12.59 
12.4816 
12.5017 
12.6082 
12.6862 
12.6928 
12.6825 
12.7012 
12.7408 
12.779 
12.8187 
12.8601 
12.9134 
13.006 
13.1942 
13.6591 
14.2809 
13.7501 
